Header:
Instrument	ASRC_U111
Source	Sun
Location	TMTF
Environment	Outdoors
Year	2004
Day	194
Date	2004JUL12
Operation	Discrete
Measurement_purpose	Irradiance
Number_of_scans	1
Number_of_columns	4
Number_of_rows	701
Start_time	15.49992	[UTC]
Stop_time	15.78270	[UTC]
Start_wavelength	290.00	[nm]
Stop_wavelength	360.00	[nm]
Increment_wavelength	0.10	[nm]
Dark_signal	0.50724	[p_s^-1]
ForeOptic_temperature	39.15	[ns]
Front_temperature	39.15	[ns]
Back_temperature	23.06	[ns]
Inside_temperature	22.63	[ns]
Shelter_temperature	17.43	[ns]
PSUnit_temperature	21.51	[ns]
AirCond_temperature	26.79	[ns]
Outside_temperature	24.57	[ns]
Comments	none
Formatted_file	2004194f08.u11
Responsivity_file	03352Rsm.u11
Analysis_program	Calc_Irrad.c
Labels:
Wavelength	Irradiance	dE(R)/E	dE(S)/E
[nm]	[mW_m^-2_nm^-1]
Data:
290.020	0.00077	0.1425	0.0000
290.120	0.00077	0.1425	-0.0000
290.220	-0.00079	0.1404	-0.0000
290.320	0.00076	0.1425	-0.0000
290.420	-0.00079	0.1404	-0.0000
290.520	0.00076	0.1425	-0.0000
290.620	-0.00079	0.1404	-0.0000
290.720	0.00076	0.1425	-0.0000
290.820	-0.00078	0.1404	-0.0000
290.920	-0.00078	0.1404	-0.0000
291.020	0.00076	0.1425	-0.0000
291.120	0.00076	0.1425	0.0000
291.220	0.00076	0.1425	0.0000
291.320	-0.00078	0.1404	0.0000
291.420	0.00076	0.1425	0.0000
291.520	-0.00078	0.1404	0.0000
291.620	-0.00078	0.1404	0.0000
291.720	0.00076	0.1425	0.0000
291.820	0.00229	0.0818	0.0000
291.920	0.00076	0.1425	0.0000
292.020	0.00076	0.1425	0.0000
292.120	0.00229	0.0818	-0.0000
292.220	0.00229	0.0818	-0.0000
292.320	0.00075	0.1425	-0.0000
292.420	0.00075	0.1425	-0.0000
292.520	0.00228	0.0818	-0.0000
292.620	0.00075	0.1425	-0.0000
292.720	0.00075	0.1425	-0.0000
292.820	0.00228	0.0818	-0.0000
292.920	0.00228	0.0818	-0.0000
293.020	0.00380	0.0633	-0.0000
293.120	0.00380	0.0633	0.0000
293.220	0.00532	0.0535	0.0000
293.320	0.00380	0.0633	0.0000
293.420	0.00684	0.0472	0.0000
293.520	0.00987	0.0392	0.0000
293.620	0.00379	0.0633	0.0000
293.720	0.00683	0.0472	0.0000
293.820	0.00986	0.0392	0.0000
293.920	0.01137	0.0365	0.0000
294.020	0.01591	0.0309	0.0000
294.120	0.00833	0.0427	-0.0000
294.220	0.01590	0.0309	-0.0000
294.320	0.01892	0.0283	-0.0000
294.420	0.01739	0.0295	-0.0000
294.520	0.01890	0.0283	-0.0000
294.620	0.03401	0.0211	-0.0000
294.720	0.02341	0.0254	-0.0000
294.820	0.01736	0.0295	-0.0000
294.920	0.02188	0.0263	-0.0000
295.020	0.03696	0.0202	-0.0000
295.120	0.03995	0.0194	0.0000
295.220	0.05953	0.0159	0.0000
295.320	0.06402	0.0153	0.0000
295.420	0.05044	0.0173	0.0000
295.520	0.09708	0.0125	0.0000
295.620	0.08800	0.0131	0.0000
295.720	0.06390	0.0153	0.0000
295.820	0.11798	0.0113	0.0000
295.920	0.12845	0.0108	0.0000
296.020	0.10886	0.0117	0.0000
296.120	0.14184	0.0103	-0.0000
296.220	0.20329	0.0086	-0.0000
296.320	0.23620	0.0080	-0.0000
296.420	0.18662	0.0090	-0.0000
296.520	0.11612	0.0114	-0.0000
296.620	0.10408	0.0120	-0.0000
296.720	0.11751	0.0113	-0.0000
296.820	0.21324	0.0084	-0.0000
296.920	0.17127	0.0093	-0.0000
297.020	0.14279	0.0102	-0.0000
297.120	0.31611	0.0069	0.0000
297.220	0.29806	0.0071	0.0000
297.320	0.19339	0.0088	0.0000
297.420	0.44711	0.0058	0.0000
297.520	0.55587	0.0052	0.0000
297.620	0.53179	0.0053	0.0000
297.720	0.88350	0.0041	0.0000
297.820	0.80119	0.0043	0.0000
297.920	0.63103	0.0049	0.0000
298.020	0.70527	0.0046	0.0000
298.120	0.48018	0.0056	-0.0000
298.220	0.57229	0.0051	-0.0000
298.320	0.47538	0.0056	-0.0000
298.420	0.46926	0.0056	-0.0000
298.520	0.51965	0.0053	-0.0000
298.620	0.74838	0.0045	-0.0000
298.720	0.68572	0.0047	-0.0000
298.820	0.97811	0.0039	-0.0000
298.920	1.19904	0.0035	-0.0000
299.020	1.64102	0.0030	-0.0000
299.120	1.55146	0.0031	0.0000
299.220	1.52279	0.0031	0.0000
299.320	1.66321	0.0030	0.0000
299.420	0.89918	0.0041	0.0000
299.520	1.47398	0.0032	0.0000
299.620	2.29441	0.0025	0.0000
299.720	2.72480	0.0023	0.0000
299.820	2.63074	0.0024	0.0000
299.920	1.45157	0.0032	0.0000
300.020	1.26173	0.0034	0.0000
300.120	1.35016	0.0033	-0.0000
300.220	1.49773	0.0031	-0.0000
300.320	1.49587	0.0031	-0.0000
300.420	2.76995	0.0023	-0.0000
300.520	3.36346	0.0021	-0.0000
300.620	3.03901	0.0022	-0.0000
300.720	2.30992	0.0025	-0.0000
300.820	2.19269	0.0026	-0.0000
300.920	2.83604	0.0023	-0.0000
301.020	4.94959	0.0017	-0.0000
301.120	4.89242	0.0017	0.0000
301.220	4.26860	0.0019	0.0000
301.320	5.78888	0.0016	0.0000
301.420	5.65198	0.0016	0.0000
301.520	5.82341	0.0016	0.0000
301.620	5.96678	0.0016	0.0000
301.720	4.77296	0.0018	0.0000
301.820	4.34903	0.0018	0.0000
301.920	3.68802	0.0020	0.0000
302.020	2.42018	0.0025	0.0000
302.120	2.33727	0.0025	-0.0000
302.220	6.53783	0.0015	-0.0000
302.320	9.23633	0.0013	-0.0000
302.420	7.40897	0.0014	-0.0000
302.520	7.21204	0.0014	-0.0000
302.620	5.62408	0.0016	-0.0000
302.720	13.69505	0.0010	-0.0000
302.820	14.66301	0.0010	-0.0000
302.920	12.07862	0.0011	-0.0000
303.020	12.94955	0.0011	-0.0000
303.120	10.29407	0.0012	0.0000
303.220	17.26211	0.0009	0.0000
303.320	17.89696	0.0009	0.0000
303.420	16.53907	0.0009	0.0000
303.520	19.42964	0.0009	0.0000
303.620	18.27639	0.0009	0.0000
303.720	8.22028	0.0013	0.0000
303.820	11.84450	0.0011	0.0000
303.920	17.58469	0.0009	0.0000
304.020	15.49022	0.0010	0.0000
304.120	13.65630	0.0010	0.0000
304.220	12.30766	0.0011	0.0000
304.320	20.36177	0.0008	0.0000
304.420	21.67816	0.0008	0.0000
304.520	23.42342	0.0008	0.0000
304.620	25.45938	0.0008	0.0000
304.720	12.42515	0.0011	0.0000
304.820	16.38002	0.0009	0.0000
304.920	28.65215	0.0007	0.0000
305.020	26.08622	0.0008	0.0000
305.120	29.89150	0.0007	0.0000
305.220	42.31539	0.0006	0.0000
305.320	32.70078	0.0007	0.0000
305.420	24.21781	0.0008	0.0000
305.520	29.89350	0.0007	0.0000
305.620	32.74384	0.0007	0.0000
305.720	16.51121	0.0009	0.0000
305.820	16.52391	0.0009	0.0000
305.920	15.69099	0.0010	0.0000
306.020	28.77014	0.0007	0.0000
306.120	37.69110	0.0006	0.0000
306.220	36.42048	0.0006	0.0000
306.320	32.80115	0.0007	0.0000
306.420	25.00990	0.0008	0.0000
306.520	35.82440	0.0006	0.0000
306.620	28.26687	0.0007	0.0000
306.720	22.22449	0.0008	0.0000
306.820	33.21368	0.0007	0.0000
306.920	45.95420	0.0006	0.0000
307.020	47.88172	0.0006	0.0000
307.120	50.01049	0.0005	0.0000
307.220	40.52905	0.0006	0.0000
307.320	52.28814	0.0005	0.0000
307.420	54.16046	0.0005	0.0000
307.520	37.49305	0.0006	0.0000
307.620	52.64556	0.0005	0.0000
307.720	59.71539	0.0005	0.0000
307.820	43.85063	0.0006	0.0000
307.920	60.88079	0.0005	0.0000
308.020	57.93567	0.0005	0.0000
308.120	48.62132	0.0005	0.0000
308.220	39.72354	0.0006	0.0000
308.320	45.39842	0.0006	0.0000
308.419	68.31546	0.0005	0.0000
308.520	73.06393	0.0004	0.0000
308.620	65.85795	0.0005	0.0000
308.719	51.49091	0.0005	0.0000
308.819	48.75857	0.0005	0.0000
308.919	61.90982	0.0005	0.0000
309.019	53.07970	0.0005	0.0000
309.119	40.40936	0.0006	0.0000
309.219	44.81223	0.0006	0.0000
309.319	29.99711	0.0007	0.0000
309.419	59.26817	0.0005	0.0000
309.519	79.71165	0.0004	0.0000
309.619	55.14656	0.0005	0.0000
309.719	45.71401	0.0006	0.0000
309.819	74.11318	0.0004	0.0000
309.919	60.95422	0.0005	0.0000
310.019	30.91819	0.0007	0.0000
310.119	38.81116	0.0006	0.0000
310.219	51.77614	0.0005	0.0000
310.319	89.48909	0.0004	0.0000
310.419	94.99368	0.0004	0.0000
310.519	89.51440	0.0004	0.0000
310.619	94.51001	0.0004	0.0000
310.719	104.28086	0.0004	0.0000
310.819	120.81776	0.0003	0.0000
310.919	113.95426	0.0004	0.0000
311.019	93.87078	0.0004	0.0000
311.119	108.92014	0.0004	0.0000
311.219	109.38148	0.0004	0.0000
311.319	117.88728	0.0004	0.0000
311.419	90.11768	0.0004	0.0000
311.519	118.97475	0.0004	0.0000
311.619	102.51955	0.0004	0.0000
311.719	90.19678	0.0004	0.0000
311.819	93.20249	0.0004	0.0000
311.919	92.81895	0.0004	0.0000
312.019	90.45251	0.0004	0.0000
312.119	94.01912	0.0004	0.0000
312.219	91.55838	0.0004	0.0000
312.319	120.87496	0.0003	0.0000
312.419	139.13315	0.0003	0.0000
312.519	94.10004	0.0004	0.0000
312.619	105.53769	0.0004	0.0000
312.719	125.90916	0.0003	0.0000
312.819	122.30357	0.0003	0.0000
312.919	124.61248	0.0003	0.0000
313.019	119.99670	0.0004	0.0000
313.119	124.02787	0.0003	0.0000
313.219	114.41975	0.0004	0.0000
313.319	118.81573	0.0004	0.0000
313.419	94.68515	0.0004	0.0000
313.519	126.71789	0.0003	0.0000
313.619	115.83753	0.0004	0.0000
313.719	131.84865	0.0003	0.0000
313.819	157.10690	0.0003	0.0000
313.919	155.47672	0.0003	0.0000
314.019	141.32060	0.0003	0.0000
314.119	163.83093	0.0003	0.0000
314.219	158.77115	0.0003	0.0000
314.319	102.98156	0.0004	0.0000
314.419	48.88787	0.0005	0.0000
314.519	94.64191	0.0004	0.0000
314.619	134.87204	0.0003	0.0000
314.719	118.18941	0.0004	0.0000
314.819	141.05080	0.0003	0.0000
314.919	176.10748	0.0003	0.0000
315.019	141.74393	0.0003	0.0000
315.119	158.13242	0.0003	0.0000
315.219	151.29716	0.0003	0.0000
315.319	159.50328	0.0003	0.0000
315.419	136.76932	0.0003	0.0000
315.519	140.32938	0.0003	0.0000
315.619	136.98021	0.0003	0.0000
315.719	87.72254	0.0004	0.0000
315.819	90.77990	0.0004	0.0000
315.919	87.53722	0.0004	0.0000
316.019	111.13169	0.0004	0.0000
316.119	100.81115	0.0004	0.0000
316.219	133.10942	0.0003	0.0000
316.319	169.03151	0.0003	0.0000
316.419	149.89630	0.0003	0.0000
316.519	157.30984	0.0003	0.0000
316.619	147.64696	0.0003	0.0000
316.719	202.51250	0.0003	0.0000
316.819	155.21376	0.0003	0.0000
316.919	161.05969	0.0003	0.0000
317.019	200.22641	0.0003	0.0000
317.119	225.70876	0.0003	0.0000
317.219	220.12282	0.0003	0.0000
317.319	214.64935	0.0003	0.0000
317.419	205.75456	0.0003	0.0000
317.519	179.07901	0.0003	0.0000
317.619	220.45059	0.0003	0.0000
317.719	214.20233	0.0003	0.0000
317.819	161.93878	0.0003	0.0000
317.919	119.89638	0.0004	0.0000
318.019	130.03827	0.0003	0.0000
318.119	129.53333	0.0003	0.0000
318.219	140.78041	0.0003	0.0000
318.319	150.39127	0.0003	0.0000
318.418	170.75610	0.0003	0.0000
318.518	182.84567	0.0003	0.0000
318.618	196.66623	0.0003	0.0000
318.718	194.98750	0.0003	0.0000
318.818	200.48209	0.0003	0.0000
318.918	279.89496	0.0002	0.0000
319.018	234.28152	0.0003	0.0000
319.118	181.41470	0.0003	0.0000
319.218	130.46704	0.0003	0.0000
319.318	134.07639	0.0003	0.0000
319.418	178.44969	0.0003	0.0000
319.518	185.27556	0.0003	0.0000
319.618	178.60431	0.0003	0.0000
319.718	175.54985	0.0003	0.0000
319.818	253.93108	0.0002	0.0000
319.918	238.52313	0.0002	0.0000
320.018	166.45015	0.0003	0.0000
320.118	229.98930	0.0003	0.0000
320.218	218.70827	0.0003	0.0000
320.318	234.06454	0.0003	0.0000
320.418	282.72540	0.0002	0.0000
320.518	239.39471	0.0002	0.0000
320.618	273.07922	0.0002	0.0000
320.718	270.05197	0.0002	0.0000
320.818	245.23738	0.0002	0.0000
320.918	210.52988	0.0003	0.0000
321.018	191.97807	0.0003	0.0000
321.118	184.58008	0.0003	0.0000
321.218	174.47214	0.0003	0.0000
321.318	179.64819	0.0003	0.0000
321.418	154.05669	0.0003	0.0000
321.518	217.46510	0.0003	0.0000
321.618	230.40060	0.0003	0.0000
321.718	189.19563	0.0003	0.0000
321.818	270.42960	0.0002	0.0000
321.918	246.74989	0.0002	0.0000
322.018	242.77519	0.0002	0.0000
322.118	245.44698	0.0002	0.0000
322.218	168.39864	0.0003	0.0000
322.318	200.67871	0.0003	0.0000
322.418	262.51645	0.0002	0.0000
322.518	187.75606	0.0003	0.0000
322.618	167.01917	0.0003	0.0000
322.718	184.91809	0.0003	0.0000
322.818	154.86531	0.0003	0.0000
322.918	151.20071	0.0003	0.0000
323.018	176.82820	0.0003	0.0000
323.118	222.59659	0.0003	0.0000
323.218	255.82697	0.0002	0.0000
323.318	222.78923	0.0003	0.0000
323.418	175.00241	0.0003	0.0000
323.518	229.78563	0.0003	0.0000
323.618	189.71483	0.0003	0.0000
323.718	229.50040	0.0003	0.0000
323.818	281.31601	0.0002	0.0000
323.918	186.36513	0.0003	0.0000
324.018	292.97177	0.0002	0.0000
324.118	286.01010	0.0002	0.0000
324.218	250.10458	0.0002	0.0000
324.318	260.10156	0.0002	0.0000
324.418	244.76694	0.0002	0.0000
324.518	288.92010	0.0002	0.0000
324.618	312.45920	0.0002	0.0000
324.717	219.36310	0.0003	0.0000
324.818	207.32463	0.0003	0.0000
324.917	226.07094	0.0003	0.0000
325.017	239.36821	0.0003	0.0000
325.117	234.37973	0.0003	0.0000
325.217	267.02173	0.0002	0.0000
325.317	274.82700	0.0002	0.0000
325.417	228.72760	0.0003	0.0000
325.517	355.20688	0.0002	0.0000
325.617	333.21167	0.0002	0.0000
325.717	310.33438	0.0002	0.0000
325.817	336.71198	0.0002	0.0000
325.917	380.17334	0.0002	0.0000
326.017	354.38309	0.0002	0.0000
326.117	345.22253	0.0002	0.0000
326.217	352.30475	0.0002	0.0000
326.317	359.32855	0.0002	0.0000
326.417	302.65164	0.0002	0.0000
326.517	282.10916	0.0002	0.0000
326.617	380.33240	0.0002	0.0000
326.717	373.32153	0.0002	0.0000
326.817	375.88623	0.0002	0.0000
326.917	357.53851	0.0002	0.0000
327.017	350.69437	0.0002	0.0000
327.117	280.81631	0.0002	0.0000
327.217	310.28610	0.0002	0.0000
327.317	373.17007	0.0002	0.0000
327.417	316.50156	0.0002	0.0000
327.517	388.21216	0.0002	0.0000
327.617	317.87216	0.0002	0.0000
327.717	302.57172	0.0002	0.0000
327.817	332.55365	0.0002	0.0000
327.917	280.48273	0.0002	0.0000
328.017	303.38803	0.0002	0.0000
328.117	331.24774	0.0002	0.0000
328.217	297.46744	0.0002	0.0000
328.317	308.88382	0.0002	0.0000
328.417	361.32379	0.0002	0.0000
328.517	313.15240	0.0002	0.0000
328.617	286.38635	0.0002	0.0000
328.717	236.73477	0.0003	0.0000
328.817	306.36917	0.0002	0.0000
328.917	360.74542	0.0002	0.0000
329.017	424.76981	0.0002	0.0000
329.117	380.34015	0.0002	0.0000
329.217	368.46442	0.0002	0.0000
329.317	416.66833	0.0002	0.0000
329.417	445.04675	0.0002	0.0000
329.517	375.61929	0.0002	0.0000
329.617	409.70789	0.0002	0.0000
329.717	431.57669	0.0002	0.0000
329.817	375.39948	0.0002	0.0000
329.917	403.63608	0.0002	0.0000
330.016	494.53021	0.0002	0.0000
330.116	455.83255	0.0002	0.0000
330.216	330.44528	0.0002	0.0000
330.316	342.56369	0.0002	0.0000
330.416	384.13782	0.0002	0.0000
330.516	340.46432	0.0002	0.0000
330.616	240.32391	0.0003	0.0000
330.716	308.60153	0.0002	0.0000
330.816	368.60355	0.0002	0.0000
330.916	383.29126	0.0002	0.0000
331.016	349.31073	0.0002	0.0000
331.116	382.36307	0.0002	0.0000
331.216	333.48233	0.0002	0.0000
331.316	358.45276	0.0002	0.0000
331.416	301.31775	0.0002	0.0000
331.516	310.98352	0.0002	0.0000
331.616	384.13837	0.0002	0.0000
331.716	370.21219	0.0002	0.0000
331.816	400.65958	0.0002	0.0000
331.916	387.99020	0.0002	0.0000
332.016	359.61966	0.0002	0.0000
332.116	397.89594	0.0002	0.0000
332.216	318.48022	0.0002	0.0000
332.316	275.08463	0.0002	0.0000
332.416	332.84988	0.0002	0.0000
332.516	410.37119	0.0002	0.0000
332.616	429.97552	0.0002	0.0000
332.716	344.98630	0.0002	0.0000
332.816	374.33911	0.0002	0.0000
332.916	290.31253	0.0002	0.0000
333.016	317.03659	0.0002	0.0000
333.116	411.28571	0.0002	0.0000
333.216	323.13849	0.0002	0.0000
333.316	408.33548	0.0002	0.0000
333.416	340.12323	0.0002	0.0000
333.516	290.15976	0.0002	0.0000
333.616	248.25214	0.0002	0.0000
333.716	291.01086	0.0002	0.0000
333.816	357.68024	0.0002	0.0000
333.916	365.96036	0.0002	0.0000
334.016	328.47653	0.0002	0.0000
334.116	397.88507	0.0002	0.0000
334.216	283.20898	0.0002	0.0000
334.316	401.37936	0.0002	0.0000
334.415	412.41965	0.0002	0.0000
334.515	402.11194	0.0002	0.0000
334.615	411.12762	0.0002	0.0000
334.715	402.81250	0.0002	0.0000
334.815	389.26138	0.0002	0.0000
334.915	211.35182	0.0003	0.0000
335.015	318.52731	0.0002	0.0000
335.115	436.45108	0.0002	0.0000
335.215	419.33017	0.0002	0.0000
335.315	405.95728	0.0002	0.0000
335.415	381.81134	0.0002	0.0000
335.515	450.24515	0.0002	0.0000
335.615	432.74258	0.0002	0.0000
335.715	441.85159	0.0002	0.0000
335.815	358.22501	0.0002	0.0000
335.915	230.79329	0.0003	0.0000
336.015	191.20953	0.0003	0.0000
336.115	157.72948	0.0003	0.0000
336.215	257.54968	0.0002	0.0000
336.315	379.03006	0.0002	0.0000
336.415	388.87540	0.0002	0.0000
336.515	441.51974	0.0002	0.0000
336.615	357.82681	0.0002	0.0000
336.715	308.39908	0.0002	0.0000
336.815	296.90259	0.0002	0.0000
336.915	236.75482	0.0003	0.0000
337.015	285.17654	0.0002	0.0000
337.115	285.29956	0.0002	0.0000
337.215	226.03250	0.0003	0.0000
337.315	297.69180	0.0002	0.0000
337.415	311.55170	0.0002	0.0000
337.515	414.57846	0.0002	0.0000
337.615	429.77551	0.0002	0.0000
337.715	439.21234	0.0002	0.0000
337.815	397.45175	0.0002	0.0000
337.915	312.05789	0.0002	0.0000
338.015	220.78108	0.0003	0.0000
338.115	297.20831	0.0002	0.0000
338.215	404.43735	0.0002	0.0000
338.315	369.72601	0.0002	0.0000
338.415	339.06018	0.0002	0.0000
338.514	401.62289	0.0002	0.0000
338.614	435.28702	0.0002	0.0000
338.714	420.54211	0.0002	0.0000
338.814	298.20895	0.0002	0.0000
338.914	423.87985	0.0002	0.0000
339.014	468.90234	0.0002	0.0000
339.114	342.78821	0.0002	0.0000
339.214	320.18289	0.0002	0.0000
339.314	254.09628	0.0002	0.0000
339.414	338.68927	0.0002	0.0000
339.514	398.25772	0.0002	0.0000
339.614	385.55664	0.0002	0.0000
339.714	426.43356	0.0002	0.0000
339.814	453.47565	0.0002	0.0000
339.914	403.69626	0.0002	0.0000
340.014	529.62000	0.0002	0.0000
340.114	451.33847	0.0002	0.0000
340.214	396.77753	0.0002	0.0000
340.314	415.24402	0.0002	0.0000
340.414	406.61377	0.0002	0.0000
340.514	360.91510	0.0002	0.0000
340.614	438.99060	0.0002	0.0000
340.714	313.59259	0.0002	0.0000
340.814	398.37442	0.0002	0.0000
340.914	349.35239	0.0002	0.0000
341.014	377.11429	0.0002	0.0000
341.114	433.08420	0.0002	0.0000
341.214	436.65140	0.0002	0.0000
341.314	314.00024	0.0002	0.0000
341.414	279.16193	0.0002	0.0000
341.514	275.71930	0.0002	0.0000
341.614	415.39963	0.0002	0.0000
341.714	370.78537	0.0002	0.0000
341.814	383.99808	0.0002	0.0000
341.914	459.75235	0.0002	0.0000
342.014	482.35193	0.0002	0.0000
342.113	427.06232	0.0002	0.0000
342.213	405.32645	0.0002	0.0000
342.313	338.03629	0.0002	0.0000
342.413	329.80106	0.0002	0.0000
342.513	447.44226	0.0002	0.0000
342.613	416.99393	0.0002	0.0000
342.713	335.15250	0.0002	0.0000
342.813	379.30728	0.0002	0.0000
342.913	487.06421	0.0002	0.0000
343.013	503.04474	0.0002	0.0000
343.113	460.47977	0.0002	0.0000
343.213	397.31952	0.0002	0.0000
343.313	298.00650	0.0002	0.0000
343.413	378.93127	0.0002	0.0000
343.513	505.65332	0.0002	0.0000
343.613	425.95248	0.0002	0.0000
343.713	347.41232	0.0002	0.0000
343.813	376.69525	0.0002	0.0000
343.913	393.54520	0.0002	0.0000
344.013	236.77107	0.0003	0.0000
344.113	161.65770	0.0003	0.0000
344.213	250.20032	0.0003	0.0000
344.313	265.91461	0.0002	0.0000
344.413	242.25511	0.0003	0.0000
344.513	369.21066	0.0002	0.0000
344.613	279.98309	0.0002	0.0000
344.713	348.70230	0.0002	0.0000
344.813	407.21570	0.0002	0.0000
344.913	366.24362	0.0002	0.0000
345.013	453.03577	0.0002	0.0000
345.113	486.51773	0.0002	0.0000
345.213	361.73608	0.0002	0.0000
345.313	296.21075	0.0002	0.0000
345.413	467.60809	0.0002	0.0000
345.512	458.93109	0.0002	0.0000
345.612	408.41342	0.0002	0.0000
345.712	417.12430	0.0002	0.0000
345.812	320.04095	0.0002	0.0000
345.912	365.39844	0.0002	0.0000
346.012	297.52985	0.0002	0.0000
346.112	295.24042	0.0002	0.0000
346.212	328.47540	0.0002	0.0000
346.312	420.35480	0.0002	0.0000
346.412	456.84933	0.0002	0.0000
346.512	419.86145	0.0002	0.0000
346.612	279.40027	0.0002	0.0000
346.712	417.11469	0.0002	0.0000
346.812	472.01810	0.0002	0.0000
346.912	384.74884	0.0002	0.0000
347.012	494.01520	0.0002	0.0000
347.112	459.01508	0.0002	0.0000
347.212	353.42096	0.0002	0.0000
347.312	397.09680	0.0002	0.0000
347.412	333.63092	0.0002	0.0000
347.512	287.24829	0.0002	0.0000
347.612	280.32440	0.0002	0.0000
347.712	279.45859	0.0002	0.0000
347.812	421.27008	0.0002	0.0000
347.912	436.45862	0.0002	0.0000
348.012	405.71692	0.0002	0.0000
348.112	412.25986	0.0002	0.0000
348.212	423.73969	0.0002	0.0000
348.312	334.52139	0.0002	0.0000
348.412	359.06552	0.0002	0.0000
348.512	340.64413	0.0002	0.0000
348.611	400.88666	0.0002	0.0000
348.711	511.63754	0.0002	0.0000
348.811	445.57980	0.0002	0.0000
348.911	323.25797	0.0002	0.0000
349.011	295.40405	0.0002	0.0000
349.111	299.53000	0.0002	0.0000
349.211	407.38385	0.0002	0.0000
349.311	251.89104	0.0003	0.0000
349.411	445.53207	0.0002	0.0000
349.511	408.80466	0.0002	0.0000
349.611	319.31375	0.0002	0.0000
349.711	283.36652	0.0002	0.0000
349.811	319.19440	0.0002	0.0000
349.911	518.69513	0.0002	0.0000
350.011	484.16788	0.0002	0.0000
350.111	477.51962	0.0002	0.0000
350.211	436.06308	0.0002	0.0000
350.311	534.89838	0.0002	0.0000
350.411	553.81128	0.0002	0.0000
350.511	401.19238	0.0002	0.0000
350.611	422.86896	0.0002	0.0000
350.711	443.13550	0.0002	0.0000
350.811	497.30215	0.0002	0.0000
350.911	488.69153	0.0002	0.0000
351.011	323.51608	0.0002	0.0000
351.111	444.13235	0.0002	0.0000
351.211	411.84384	0.0002	0.0000
351.311	370.87024	0.0002	0.0000
351.411	326.08826	0.0002	0.0000
351.510	298.12552	0.0002	0.0000
351.610	469.68839	0.0002	0.0000
351.710	503.25598	0.0002	0.0000
351.810	530.10864	0.0002	0.0000
351.910	501.84775	0.0002	0.0000
352.010	413.51419	0.0002	0.0000
352.110	356.40479	0.0002	0.0000
352.210	421.43488	0.0002	0.0000
352.310	387.58289	0.0002	0.0000
352.410	260.68976	0.0002	0.0000
352.510	348.44003	0.0002	0.0000
352.610	210.52068	0.0003	0.0000
352.710	365.46524	0.0002	0.0000
352.810	445.95499	0.0002	0.0000
352.910	486.47888	0.0002	0.0000
353.010	437.62750	0.0002	0.0000
353.110	501.53091	0.0002	0.0000
353.210	372.81808	0.0002	0.0000
353.310	357.58411	0.0002	0.0000
353.410	541.39502	0.0002	0.0000
353.510	485.90735	0.0002	0.0000
353.610	464.45139	0.0002	0.0000
353.710	451.21320	0.0002	0.0000
353.810	420.20068	0.0002	0.0000
353.910	582.05890	0.0002	0.0000
354.010	527.89209	0.0002	0.0000
354.110	405.46417	0.0002	0.0000
354.210	407.96893	0.0002	0.0000
354.310	502.97940	0.0002	0.0000
354.409	531.18121	0.0002	0.0000
354.509	487.49979	0.0002	0.0000
354.609	503.98489	0.0002	0.0000
354.709	522.10742	0.0002	0.0000
354.809	395.51654	0.0002	0.0000
354.909	540.81763	0.0002	0.0000
355.009	526.49744	0.0002	0.0000
355.109	498.11066	0.0002	0.0000
355.209	484.59631	0.0002	0.0000
355.309	436.14142	0.0002	0.0000
355.409	383.09348	0.0002	0.0000
355.509	370.28156	0.0002	0.0000
355.609	541.32996	0.0002	0.0000
355.709	448.58121	0.0002	0.0000
355.809	428.99216	0.0002	0.0000
355.909	400.40994	0.0002	0.0000
356.009	468.41278	0.0002	0.0000
356.109	453.28531	0.0002	0.0000
356.209	486.77615	0.0002	0.0000
356.309	586.78986	0.0002	0.0000
356.409	487.66794	0.0002	0.0000
356.509	246.71909	0.0003	0.0000
356.609	229.10004	0.0003	0.0000
356.709	397.37933	0.0002	0.0000
356.809	457.27325	0.0002	0.0000
356.909	312.05664	0.0002	0.0000
357.008	162.70238	0.0003	0.0000
357.108	367.59042	0.0002	0.0000
357.208	324.03046	0.0002	0.0000
357.308	455.88495	0.0002	0.0000
357.408	382.48242	0.0002	0.0000
357.508	384.66656	0.0002	0.0000
357.608	445.26639	0.0002	0.0000
357.708	484.21561	0.0002	0.0000
357.808	363.82675	0.0002	0.0000
357.908	347.95850	0.0002	0.0000
358.008	336.96088	0.0002	0.0000
358.108	139.54559	0.0003	0.0000
358.208	223.16971	0.0003	0.0000
358.308	351.85229	0.0002	0.0000
358.408	360.00296	0.0002	0.0000
358.508	187.11235	0.0003	0.0000
358.608	249.86047	0.0003	0.0000
358.708	226.44283	0.0003	0.0000
358.808	347.83038	0.0002	0.0000
358.908	326.71194	0.0002	0.0000
359.008	353.41895	0.0002	0.0000
359.108	522.63806	0.0002	0.0000
359.208	526.43787	0.0002	0.0000
359.308	387.55396	0.0002	0.0000
359.408	449.17059	0.0002	0.0000
359.508	475.19244	0.0002	0.0000
359.607	529.14716	0.0002	0.0000
359.707	554.21045	0.0002	0.0000
359.807	508.47672	0.0002	0.0000
359.907	485.87302	0.0002	0.0000
360.007	574.21869	0.0002	0.0000
